[[3.08361, 0.73225, 4.0, 0.03579],
[3.22751, 0.72144, 4.0, 0.03608],
[3.37248, 0.71326, 4.0, 0.0363],
[3.51823, 0.70748, 4.0, 0.03646],
[3.66443, 0.70391, 4.0, 0.03656],
[3.81081, 0.7024, 4.0, 0.0366],
[3.95711, 0.70286, 4.0, 0.03658],
[4.10311, 0.70522, 4.0, 0.03651],
[4.24864, 0.70943, 4.0, 0.0364],
[4.39353, 0.71545, 4.0, 0.03625],
[4.53767, 0.72324, 4.0, 0.03609],
[4.68099, 0.73276, 4.0, 0.03591],
[4.8234, 0.74402, 4.0, 0.03571],
[4.96486, 0.75698, 4.0, 0.03551],
[5.10529, 0.77166, 4.0, 0.0353],
[5.24463, 0.78811, 4.0, 0.03508],
[5.38276, 0.80643, 3.5, 0.03981],
[5.51955, 0.82678, 3.1, 0.04461],
[5.65473, 0.84943, 2.7, 0.05077],
[5.788, 0.87478, 2.4, 0.05652],
[5.91893, 0.90327, 2.1, 0.06381],
[6.04702, 0.93546, 1.9, 0.06951],
[6.17154, 0.97208, 1.6, 0.08112],
[6.29155, 1.01401, 1.6, 0.07945],
[6.40587, 1.06223, 1.6, 0.07755],
[6.51297, 1.1178, 1.6, 0.07541],
[6.61088, 1.18175, 1.4, 0.08353],
[6.69749, 1.25464, 1.4, 0.08086],
[6.76876, 1.33731, 1.4, 0.07796],
[6.82424, 1.4274, 1.4, 0.07558],
[6.8666, 1.52206, 1.4, 0.07407],
[6.89352, 1.62052, 1.4, 0.07291],
[6.90068, 1.72121, 1.5, 0.06729],
[6.89052, 1.82139, 1.6, 0.06294],
[6.86612, 1.91969, 1.6, 0.0633],
[6.82852, 2.01513, 1.6, 0.06411],
[6.77499, 2.10549, 1.7, 0.06179],
[6.70728, 2.18971, 1.9, 0.05687],
[6.62776, 2.26765, 2.1, 0.05302],
[6.53827, 2.3395, 2.3, 0.0499],
[6.44047, 2.40574, 2.6, 0.04543],
[6.3358, 2.46697, 3.0, 0.04042],
[6.22563, 2.52397, 3.6, 0.03446],
[6.11142, 2.57775, 4.0, 0.03156],
[5.99446, 2.62928, 4.0, 0.03195],
[5.87612, 2.67968, 4.0, 0.03216],
[5.75042, 2.73411, 4.0, 0.03424],
[5.62477, 2.78939, 4.0, 0.03432],
[5.49919, 2.84542, 4.0, 0.03438],
[5.37371, 2.90216, 4.0, 0.03443],
[5.24835, 2.95957, 4.0, 0.03447],
[5.12313, 3.01765, 4.0, 0.03451],
[4.99808, 3.07641, 4.0, 0.03454],
[4.87322, 3.13584, 4.0, 0.03457],
[4.74858, 3.19598, 4.0, 0.0346],
[4.62418, 3.2568, 4.0, 0.03462],
[4.50006, 3.31831, 4.0, 0.03463],
[4.37624, 3.38047, 4.0, 0.03464],
[4.25275, 3.44322, 4.0, 0.03463],
[4.12962, 3.50651, 4.0, 0.03461],
[4.00685, 3.57026, 4.0, 0.03458],
[3.88443, 3.63438, 4.0, 0.03455],
[3.76232, 3.6988, 3.6, 0.03835],
[3.64044, 3.76341, 3.1, 0.0445],
[3.52115, 3.82646, 2.7, 0.04997],
[3.40164, 3.88822, 2.7, 0.04982],
[3.28169, 3.94754, 2.7, 0.04956],
[3.16109, 4.00323, 2.7, 0.0492],
[3.03958, 4.05379, 2.7, 0.04874],
[2.9171, 4.09771, 2.7, 0.04819],
[2.79379, 4.13303, 3.1, 0.04138],
[2.67016, 4.16177, 3.0, 0.04231],
[2.54643, 4.18442, 2.9, 0.04337],
[2.42279, 4.20132, 2.6, 0.048],
[2.29937, 4.21264, 2.4, 0.05164],
[2.17638, 4.21829, 2.1, 0.05863],
[2.05402, 4.21805, 1.9, 0.0644],
[1.9326, 4.21151, 1.7, 0.07153],
[1.8125, 4.19823, 1.5, 0.08056],
[1.69436, 4.17713, 1.5, 0.08001],
[1.57913, 4.14691, 1.5, 0.07941],
[1.4683, 4.10593, 1.5, 0.07878],
[1.36401, 4.05238, 1.5, 0.07815],
[1.27, 3.98374, 1.5, 0.0776],
[1.19023, 3.89932, 1.7, 0.06832],
[1.12455, 3.80255, 1.8, 0.06497],
[1.07141, 3.69647, 2.0, 0.05932],
[1.02948, 3.58309, 2.2, 0.05495],
[0.99779, 3.4638, 2.4, 0.05143],
[0.97527, 3.33988, 2.6, 0.04844],
[0.9613, 3.2123, 2.8, 0.04584],
[0.95535, 3.08196, 2.9, 0.04499],
[0.9569, 2.94973, 3.1, 0.04266],
[0.96548, 2.81642, 3.2, 0.04174],
[0.98068, 2.68278, 3.3, 0.04076],
[1.00217, 2.5495, 3.4, 0.03971],
[1.02963, 2.41715, 3.4, 0.03975],
[1.06273, 2.28625, 3.2, 0.0422],
[1.10113, 2.15718, 3.0, 0.04489],
[1.1445, 2.03026, 2.7, 0.04968],
[1.19253, 1.90571, 2.4, 0.05562],
[1.24523, 1.78391, 2.1, 0.0632],
[1.30258, 1.66517, 1.9, 0.0694],
[1.36506, 1.5502, 1.9, 0.06887],
[1.43323, 1.43984, 1.9, 0.06827],
[1.50803, 1.33542, 1.9, 0.06761],
[1.59055, 1.23859, 1.9, 0.06696],
[1.68237, 1.15178, 1.9, 0.0665],
[1.7852, 1.07817, 2.2, 0.05748],
[1.89578, 1.0147, 2.4, 0.05313],
[2.0127, 0.96002, 2.6, 0.04965],
[2.13489, 0.91298, 2.9, 0.04515],
[2.26145, 0.87251, 3.2, 0.04152],
[2.39176, 0.8379, 3.5, 0.03852],
[2.5253, 0.8085, 3.8, 0.03599],
[2.66163, 0.7837, 4.0, 0.03464],
[2.80034, 0.76301, 4.0, 0.03506],
[2.94112, 0.746, 4.0, 0.03545]]